$ANSIBLE_VAULT;1.1;AES256
61353733333736306433346137623363356166613763613764363231633466613763373239353432
6238323130386132643535626634376233303530626261330a333964616432663630656162316234
31653339653439663835386537393261663731366466666630393064656265396634653631633135
3864613063366433350a313231633664363366646661333236643237383537613239303363376433
35646532343734353134343434396561333439303764343361343136396530623534636634356563
31326434313964623330623437383466633863333130363237326139303537613637393039383662
36643264383537623962353464373037633537303764636630643839333564643864626331393464
35653834306334633338303232663535323136393664346164613936386661623732356130353864
31623830653665343035626433636462616134656539656464333666303032303330333839386561
35346631616437336232363235396333366365303234613532346437666262613362366231333930
39633230306432646264386332663066653962616432333436653939623963626566363365383561
35616139383936633062326664363832343861346239636564393231393164383930376162383636
32343630643532343537356531386237633261323039373039366566613366386462316266393337
63626566366432343538333466623335306638653435613965346565623339363536663866613763
36373737366137383230623361323336383837316562336133306231666266646563616534326339
38306133396532366239653065653639396463336534393663643163303334336236383533303837
66363031636336623131636636633164316563333337333931326633396133346136363935386561
65616334323963313531333165653338616561323763373763666633363631373834323032393662
30316434376337383533306365633361613764653862643438333037643663313761323434623133
65396531316636643131666237633438306237383166313465393861306439343230336561376432
36626636363533636462616166383233643266323661373762303433616632393430613536353831
37333262646632663837376431613939383237303965666433343562633630333465643036336633
31376530306566393335323037623932623635373035613031663836376261366336353762326532
31653339313038366633636336623836643536643834303466626564333632323432663863326434
30396432623535353764343364633866643636303765656264626134376433333436323266366233
32323634636261396265376466623962313562633062333534336538353166343361323733613637
38326333616238656631383837333439346531646231396233313831636531313063306637396138
31613266386132333166316534616364336335383862366264373637366234656237633037626631
30653339646439666432663666623435316166653031323138323935643666653465343735326633
35656634373961633336303731633534326561363434316566323365343932343931356361366138
37386335363362373134356333323464363532656366373465353366363166306631366636393934
30623539383963373936343633303062323861643631336538316337343265396636663635356338
61656138626432623765656231626533383036396564653466383665636463613838366239663730
66333166373965623433306261306562623332613933373563363361353039366565333837336131
35373161353965326438343766653266376361656130303439613738366436653134376565376639
66393632653835643366326465326631376530333264643136616436343830346537313263613263
63313430383362303562623162383936303337313333396138653135316463326463396661646436
34353036383062633932393636616238646631343165303437323461383336666161386363356135
31396533323764366463336131326261343432376266303133343565323231316266663866633831
37316566323035643865643530363836353031643464653266646135366433326136323330663163
66386635303262353330366366663462633164303833646236663263333439303430353334633433
35323637353931623533643436306339346233643932303562663731313334343539313439303962
33366462633534313636333662373833353836343931666666623736616235396338646563366661
32323661396363353533316530373836366638386231326136653933313537353261616230326234
37303661613165393461356532633231336631326234353233643061306163653431303136643537
36623565613734633063633032366632313132656237643838386131353163326437633431636136
61353462666161383734346437656262643065343866336663663238623939383061636439646433
39626135666534383565616166323636613231393665623735343961636638386261363961326431
32386564396233323637376133303730643837623137373930633232623033623833623231653434
65323638653637316363316166323932636465393838616231656262326236343838356263323864
33653333636436313166333962313635666639353333613962366538333163626136376338623235
66333132353430363466346232313630313937616135363864316239653139393266376534653734
39323533653136363264353837636634383836623634346239363365633961616231626339643863
31333666336333316338636432343337386239366136336433613439316638323831633062356263
36376565353539376261306330653733376363316336623437336563303565646362356335356535
32366363663736353230376230636661343539646132663733643930646237323537663335653663
66336636343165376234353534393537643039383237376366343564356532666331326431356634
37316237353762323439633764636231373430363330366637663864363531636132366336643061
33653636376130306365633730346462646435316534346536663562333833306464323462373339
62373261666531306636336637366534613234656362643034656134633666633639343264383733
38343533343037313764346432323362363431373834393032383962373464396239666236343835
61323034616538373039313364646430343835343839623366353035343736336462366134633161
62363935346331373764346636616566636463373039616362356231643533626536373166363830
32343430663633323164343661393466316634623132643730326666323737316234663762633133
62373330383832353630643761313632613531366536656266393466613563396331666362386236
37353163383833336362313734366562396461633965353135336234313938663630376439636437
37656237393665613836656633653164323233346233633332653832313665663831326634316135
39333438323637636539363663353764353061353539663862323130353038376431643339646635
63353166343465393036376239613534313765613130386532663335343730366666306637396139
39313231663136666436323138643230333830306539636162323236313665663564656534633735
66363438383463373439343435326135336538396139636433663035616232646366316537643962
38643733333538623134333264316138613039633061633832666231353436363864306238356433
37653430653065366262396337363230623864373734323330303232356333313936633738663531
37626432303830313839313238623863663965626266346634616131346435666533613639653163
36366665656431366666363535626437633762333765333266306162326634363137363635333135
33623135636136316436373838343763383330643732356539643030396262626635623130333238
38316664336261646133663632366562646238346263356435343830343563353636643666666331
30316363383961663030366266346166373737333634623438653362356135383336363631366632
65316465633632376533386266346133363765653163303836623363323862303861343834616363
66333366336563326565343133666561656163353532613666666166613264396536336633363064
66363939663061383761616236343531353131366466396537656161303938343663383162636363
33653734303766633633373038343961356665393966353163633533623863613438393732373963
62353561626236653438626665646237363663346333363634343862626464633464363366663463
36623932613433396639623361623738656263313663363336333439343938333834633763363466
35653535346465616331313033353339636366643833393333396262326231663738323662313132
66653539643865353931313061616436393765633162616465373661343536356133356335333838
36313831636236373636616436343630393035333135623438626662616266383933366538366339
63373239373366323564
